
 NPM(K)    PM(M)      WS(M)     CPU(s)      Id  SI ProcessName
 ------    -----      -----     ------      --  -- -----------
      0     0.00       0.00       0.00       0 …76 
      0     0.00       0.00       0.00       1   1 
      0     0.00       0.00       0.00     516 516 
      0     0.00       0.00       0.00     518 518 
      0     0.00       0.00       0.00     520 520 
      0     0.00       0.00       0.00     521 521 
      0     0.00       0.00       0.00     522 522 
      0     0.00       0.00       0.00     525 525 
      0     0.00       0.00       0.00     528 528 
      0     0.00       0.00       0.00     530 530 
      0     0.00       0.00       0.00     531 531 
      0     0.00       0.00       0.00     536 536 
      0     0.00       0.00       0.00     541 541 
      0     0.00       0.00       0.00     545 545 
      0     0.00       0.00       0.00     547 547 
      0     0.00       0.00       0.00     548 548 
      0     0.00       0.00       0.00     552 552 
      0     0.00       0.00       0.00     555 555 
      0     0.00       0.00       0.00     556 556 
      0     0.00       0.00       0.00     557 557 
      0     0.00       0.00       0.00     558 558 
      0     0.00       0.00       0.00     559 559 
      0     0.00       0.00       0.00     560 560 
      0     0.00       0.00       0.00     561 561 
      0     0.00       0.00       0.00     565 565 
      0     0.00       0.00       0.00     566 566 
      0     0.00       0.00       0.00     568 568 
      0     0.00       0.00       0.00     572 572 
      0     0.00       0.00       0.00     573 573 
      0     0.00       0.00       0.00     574 574 
      0     0.00       0.00       0.00     578 578 
      0     0.00       0.00       0.00     580 580 
      0     0.00       0.00       0.00     581 581 
      0     0.00       0.00       0.00     582 582 
      0     0.00       0.00       0.00     584 584 
      0     0.00       0.00       0.00     585 585 
      0     0.00       0.00       0.00     586 586 
      0     0.00       0.00       0.00     588 588 
      0     0.00       0.00       0.00     589 589 
      0     0.00       0.00       0.00     591 591 
      0     0.00       0.00       0.00     595 595 
      0     0.00       0.00       0.00     605 605 
      0     0.00       0.00       0.00     618 618 
      0     0.00       0.00       0.00     623 623 
      0     0.00       0.00       0.00     632 632 
      0     0.00       0.00       0.00     633 633 
      0     0.00       0.00       0.00     646   1 
      0     0.00       0.00       0.00     651   1 
      0     0.00       0.00       0.00     653 653 
      0     0.00       0.00       0.00     655   1 
      0     0.00       0.00       0.00     673 673 
      0     0.00       0.00       0.00     674 674 
      0     0.00       0.00       0.00     678 678 
      0     0.00       0.00       0.00     683 683 
      0     0.00       0.00       0.00     699 699 
      0     0.00       0.00       0.00     703 703 
      0     0.00       0.00       0.00     708 708 
      0     0.00       0.00       0.00     710   1 
      0     0.00       0.00       0.00     717 717 
      0     0.00       0.00       0.00     718 718 
      0     0.00       0.00       0.00     719   1 
      0     0.00       0.00       0.00     720 720 
      0     0.00       0.00       0.00     726 726 
      0     0.00       0.00       0.00     727 727 
      0     0.00       0.00       0.00     737 737 
      0     0.00       0.00       0.00     744 744 
      0     0.00       0.00       0.00     802   1 
      0     0.00       0.00       0.00     807   1 
      0     0.00       0.00       0.00     817 525 
      0     0.00       0.00       0.00     820 820 
      0     0.00       0.00       0.00     823 823 
      0     0.00       0.00       0.00     860 860 
      0     0.00       0.00       0.00     888   1 
      0     0.00       0.00       0.00     889 889 
      0     0.00       0.00       0.00     894 894 
      0     0.00       0.00       0.00     896   1 
      0     0.00       0.00       0.00     911 911 
      0     0.00       0.00       0.00     944 944 
      0     0.00       0.00       0.00     946 946 
      0     0.00       0.00       0.00     948   1 
      0     0.00       0.00       0.00     951 951 
      0     0.00       0.00       0.00    1047 …47 
      0     0.00       0.00       0.00    1058 …58 
      0     0.00       0.00       0.00    1092   1 
      0     0.00       0.00       0.00    1095 …95 
      0     0.00       0.00       0.00    1101   1 
      0     0.00       0.00       0.00    1114   1 
      0     0.00       0.00       0.00    1116 …16 
      0     0.00       0.00       0.00    1136   1 
      0     0.00       0.00       0.00    1153   1 
      0     0.00       0.00       0.00    1182 …82 
      0     0.00       0.00       0.00    1480 …80 
      0     0.00       0.00       0.00    1538 …38 
      0     0.00       0.00       0.00    1543 …43 
      0     0.00       0.00       0.00    1635 …35 
      0     0.00       0.00       0.00    1698 …98 
      0     0.00       0.00       0.00    2137 …37 
      0     0.00       0.00       0.00    3235 …35 
      0     0.00       0.00       0.00    3434   1 
      0     0.00       0.00       0.00    3499 …99 
      0     0.00       0.00       0.00    5909 …09 
      0     0.00       0.00       0.00    5943   1 
      0     0.00       0.00       0.00    8037   1 
      0     0.00       0.00       0.00    8253 …53 
      0     0.00       0.00       0.00   13570 …70 
      0     0.00       0.00       0.00   13577 …77 
      0     0.00       0.00       0.00   14666 …66 
      0     0.00       0.00       0.00   14898 …98 
      0     0.00       0.00       0.00   16804   1 
      0     0.00       0.00       0.00   44394 …94 
      0     0.00       0.00       0.00   54076 …76 
      0     0.00       0.00       0.00   54840 …40 
      0     0.00       0.00       0.00   54842 …40 
      0     0.00       0.00       0.00   54845 …45 
      0     0.00       0.00       0.00   54955 …55 
      0     0.00       0.00       0.00   56117   0 
      0     0.00       0.00       0.00   56316   0 
      0     0.00       0.00       0.00   57239 …39 
      0     0.00       0.00       0.00   57240 …40 
      0     0.00       0.00       0.00   58760 …60 
      0     0.00       0.00       0.00   60565   0 
      0     0.00       0.00       0.00   64192   0 
      0     0.00       0.00       0.00   65536   0 
      0     0.00       0.00       0.00   66852   0 
      0     0.00       0.00       0.00   67940 …40 
      0     0.00       0.00       0.00   68713   0 
      0     0.00       0.00       0.00   72127   0 
      0     0.00       0.00       0.00   73752   0 
      0     0.00       0.00       0.00   75309   0 
      0     0.00       0.00       0.00   76645 …45 
      0     0.00       0.00       0.00   76713   0 
      0     0.00       0.00       0.00   77995   0 
      0     0.00       0.00       0.00   78636 …36 
      0     0.00       0.00       0.00   79330 …30 
      0     0.00       0.00       0.00   83296 …96 
      0     0.00       0.00       0.00   83298 …98 
      0     0.00       0.00       0.00   83303   1 
      0     0.00       0.00       0.00   83307 …07 
      0     0.00       0.00       0.00   83340 …40 
      0     0.00       0.00       0.00   83387 …87 
      0     0.00       0.00       0.00   83867   0 
      0     0.00       0.00       0.00   84052 …52 
      0     0.00       0.00       0.00   84057 …57 
      0     0.00       0.00       0.00   86556 …56 
      0     0.00       0.00       0.00   87275   0 
      0     0.00       0.00       0.00   88732   0 
      0     0.00       0.00       0.00   90122   0 
      0     0.00       0.00       0.00   90851 …51 
      0     0.00       0.00       0.00   90853 …53 
      0     0.00       0.00       0.00   90868 …68 
      0     0.00       0.00       0.00   91224 …24 
      0     0.00       0.00       0.00   91226 …26 
      0     0.00       0.00       0.00   91227 …27 
      0     0.00       0.00       0.00   91232 …32 
      0     0.00       0.00       0.00   91302 …02 
      0     0.00       0.00       0.00   91337 …37 
      0     0.00       0.00       0.00   91353 …53 
      0     0.00       0.00       0.00   91359   1 
      0     0.00       0.00       0.00   91361   1 
      0     0.00       0.00       0.00   91522 …22 
      0     0.00       0.00       0.00   91534 …34 
      0     0.00       0.00       0.00   94926 …40 
      0     0.00       0.00       0.00   95099 …99 
      0     0.00       0.00       0.00   95107 …07 
      0     0.00       0.00       0.00   95249 …49 
      0     0.00       0.00       0.00   95250 …50 
      0     0.00       0.00       0.00   95267 …67 
      0     0.00       0.00       0.00   95299   1 
      0     0.00       0.00       0.00   95301   1 
      0     0.00       0.00       0.00   95310 …10 
      0     0.00       0.00       0.00   95350 …50 
      0     0.00       0.00       0.00   95351 …51 
      0     0.00       0.00       0.00   95352 …52 
      0     0.00       0.00       0.00   95353 …53 
      0     0.00       0.00       0.00   95354 …54 
      0     0.00       0.00       0.00   95356 …56 
      0     0.00       0.00       0.00   95357   1 
      0     0.00       0.00       0.00   95358   1 
      0     0.00       0.00       0.00   95360   1 
      0     0.00       0.00       0.00   95373 …73 
      0     0.00       0.00       0.00   95442 …42 
      0     0.00       0.00       0.00   95445 …45 
      0     0.00       0.00       0.00   95455 …55 
      0     0.00       0.00       0.00   95457 …57 
      0     0.00       0.00       0.00   95460 …60 
      0     0.00       0.00       0.00   95466 …66 
      0     0.00       0.00       0.00   95468 …68 
      0     0.00       0.00       0.00   95499 …99 
      0     0.00       0.00       0.00   95519 …19 
      0     0.00       0.00       0.00   95522 …22 
      0     0.00       0.00       0.00   95523 …23 
      0     0.00       0.00       0.00   95524 …24 
      0     0.00       6.81       0.22   17853 …53 ACCFinderSync
      0     0.00      19.58      42.50    1020   1 accountsd
      0     0.00      21.56       3.26   62397   1 AcroCEF
      0     0.00       4.42       0.11   62416   1 AcroCEF Helper
      0     0.00       6.50       1.00   62417   1 AcroCEF Helper
      0     0.00      10.97       0.45   11441   1 AcroCEF Helper 
      0     0.00       8.42      71.86   62408   1 AcroCEF Helper 
      0     0.00       7.53       0.16   62418   1 AcroCEF Helper 
      0     0.00       7.50       0.16   62419   1 AcroCEF Helper 
      0     0.00       7.52       0.16   62420   1 AcroCEF Helper 
      0     0.00      14.39       1.10   62421   1 AcroCEF Helper 
      0     0.00       7.80       0.17   62422   1 AcroCEF Helper 
      0     0.00      10.73       0.51   62441   1 AcroCEF Helper 
      0     0.00       8.44      22.32   62439   1 Adobe Crash Pro
      0     0.00      39.06       9.86    8214   1 Adobe Desktop S
      0     0.00      62.92   5,964.08   62387   1 AdobeAcrobat
      0     0.00      15.23       9.71    8176   1 AdobeIPCBroker
      0     0.00       9.25       3.76   18836   1 AdobeResourceSy
      0     0.00      10.77       0.24    2260   1 AirPlayUIAgent
      0     0.00      15.64       0.02   91521   1 akd
      0     0.00       7.98       0.33    1539   1 AMPDeviceDiscov
      0     0.00      30.83      31.74    1469   1 AMPLibraryAgent
      0     0.00      13.80       0.01   91325   1 amsaccountsd
      0     0.00      20.61       0.07   91324   1 amsengagementd
      0     0.00     184.33       0.85   90561   1 AppleSpell
      0     0.00      30.33       0.55   95105   1 appstoreagent
      0     0.00      65.48       1.09   91482   1 app_mode_loader
      0     0.00      16.38       0.00   91363   1 AquaAppearanceH
      0     0.00       5.67       0.02   91523   1 AssetCacheLocat
      0     0.00      41.98       0.32   79427   1 assistantd
      0     0.00      22.86       0.11   71039   1 audioaccessoryd
      0     0.00      16.45       0.00   95088   1 AuthenticationS
      0     0.00      22.47      47.69    1303   1 avconferenced
      0     0.00      12.59       0.05   91857   1 axassetsd
      0     0.00      26.80       0.00   95525   1 AXVisualSupport
      0     0.00      20.88       0.44   70919   1 BiomeAgent
      0     0.00      16.67       0.07   91000   1 biomesyncd
      0     0.00      17.77       0.02   90877   1 bird
      0     0.00      14.97       0.30   53540   1 bluetoothuserd
      0     0.00      10.75       0.00   95443   1 businessservice
      0     0.00      26.48       0.03   91370   1 calaccessd
      0     0.00      27.59       0.02   91303   1 callservicesd
      0     0.00      18.48       0.64   71455   1 caphost
      0     0.00      10.05       0.00   91288   1 cdpd
      0     0.00       5.03      22.31     952   1 cfprefsd
      0     0.00       1.64       0.08    3241 …40 chrome_crashpad
      0     0.00       5.05       0.01   56083 …82 chrome_crashpad
      0     0.00       5.02       0.00   81442 …41 chrome_crashpad
      0     0.00       4.30       0.00   91486 …85 chrome_crashpad
      0     0.00      28.56       0.44   79382   1 chronod
      0     0.00      25.25      28.01   18294   1 cloudd
      0     0.00      11.73       0.01   91480   1 CMFSyncAgent
      0     0.00      25.42       0.60   81444   1 Code Helper
      0     0.00      34.02       7.38   81466   1 Code Helper
      0     0.00      43.39       1.95   81467   1 Code Helper
      0     0.00      32.06       0.36   81468   1 Code Helper
      0     0.00      48.89       1.55   81443   1 Code Helper (GP
      0     0.00      57.75       0.83   81469   1 Code Helper (Pl
      0     0.00      32.95       0.32   81515   1 Code Helper (Pl
      0     0.00     156.97       3.99   81445   1 Code Helper (Re
      0     0.00       2.56       0.00   94983   1 com.apple.acces
      0     0.00      31.12       0.21   71490 …90 com.apple.appki
      0     0.00      30.91       0.04   79593 …93 com.apple.appki
      0     0.00      49.44       0.11   91084 …84 com.apple.appki
      0     0.00      41.67       0.02   95016 …16 com.apple.appki
      0     0.00      11.70       0.00   91597 …97 com.apple.Cloud
      0     0.00      16.11       0.00   95233   1 com.apple.Cloud
      0     0.00      15.72       0.02   83919   1 com.apple.CoreS
      0     0.00      24.03       9.17    1560 …60 com.apple.dock.
      0     0.00      17.88       0.02   90910   1 com.apple.geod
      0     0.00       5.25       0.10   90990   1 com.apple.hiser
      0     0.00      26.30       0.84    1699 …99 com.apple.Safar
      0     0.00      11.36       0.10   91320   1 com.apple.Safar
      0     0.00      12.55       0.00   95001   1 com.apple.Safar
      0     0.00      26.64       0.00   95010 …10 com.apple.Safar
      0     0.00      15.27       0.00   95094   1 com.apple.sbd
      0     0.00      11.36       0.01   95007 …07 com.apple.WebKi
      0     0.00       6.66       0.00   95013 …13 com.apple.WebKi
      0     0.00      17.98       0.01   91300   1 CommCenter
      0     0.00      11.53       1.03    1583   1 commerce
      0     0.00      19.89       0.29   91306   1 contactsd
      0     0.00       4.48       4.51   97008   1 containermanage
      0     0.00      13.78       0.01   91802 …02 ContainerMetada
      0     0.00      12.50       0.01   90945   1 contentlinkingd
      0     0.00      17.25       0.01   91395   1 ContextService
      0     0.00      23.64       0.13   79365   1 ContextStoreAge
      0     0.00      13.20       6.31    1100   1 ContinuityCaptu
      0     0.00      66.70      33.50    1110   1 ControlCenter
      0     0.00      28.25      79.94   17854   1 Core Sync
      0     0.00      12.27       0.03   79439   1 coreauthd
      0     0.00      17.16       0.00   91301   1 CoreLocationAge
      0     0.00      20.34       0.00   91695   1 CoreServicesUIA
      0     0.00      41.55     231.41    1394   1 corespeechd
      0     0.00      58.12      97.26    1275   1 corespotlightd
      0     0.00       2.28       0.00   18815 …14 CrashHandler
      0     0.00       1.89       0.00   62434 …33 CrashHandler
      0     0.00      40.72       4.75    8187   1 Creative Cloud
      0     0.00      16.86       0.59    8213   1 Creative Cloud 
      0     0.00      12.36       0.01    8217   1 Creative Cloud 
      0     0.00      15.44       0.63    8218   1 Creative Cloud 
      0     0.00      55.45      13.88    8219   1 Creative Cloud 
      0     0.00      39.48      20.78    8534   1 Creative Cloud 
      0     0.00       4.16       0.03    1556   1 ctkahp
      0     0.00       8.70       0.02   83541   1 ctkd
      0     0.00      32.11      10.94    1584   1 CursorUIViewSer
      0     0.00      18.53       0.02   95375   1 dataaccessd
      0     0.00      10.66       1.76    1235   1 diagnostics_age
      0     0.00      40.75     106.38    3239   1 Discord
      0     0.00      17.36      17.53    3244   1 Discord Helper
      0     0.00       9.22       7.28    3366   1 Discord Helper
      0     0.00      15.55      45.89    3242   1 Discord Helper 
      0     0.00     116.80   1,346.05    3326   1 Discord Helper 
      0     0.00       3.45       0.00    7651   1 DiskUnmountWatc
      0     0.00       6.05     497.04     898   1 distnoted
      0     0.00      12.59       0.02   91307   1 dmd
      0     0.00      30.69      14.17    1530   1 Dock
      0     0.00      25.27       0.07   79502   1 donotdisturbd
      0     0.00      97.03       3.44   81440   1 Electron
      0     0.00      15.39       0.00   95092   1 EscrowSecurityA
      0     0.00      16.98       0.00   95394 …94 Experimentation
      0     0.00       8.39       0.01   90908 …08 extensionkitser
      0     0.00       7.53       0.00   95393 …93 extensionkitser
      0     0.00      18.31       3.17    1061   1 familycircled
      0     0.00      16.75      30.97    1175   1 fileproviderd
      0     0.00      52.66      45.69    1532   1 Finder
      0     0.00       9.17       0.00   95100   1 findmydevice-us
      0     0.00      14.47       0.01   91535   1 findmylocateage
      0     0.00      18.41       0.01   95096   1 fmfd
      0     0.00       6.98       0.00   91532   1 followupd
      0     0.00       6.30      12.96    1321   1 fontd
      0     0.00       4.17       0.04    1325   1 fontworker
      0     0.00     515.16     219.19   56065   1 Google Chrome
      0     0.00     143.00     119.44   56087   1 Google Chrome H
      0     0.00     132.12      57.78   56088   1 Google Chrome H
      0     0.00      46.02       1.99   56089   1 Google Chrome H
      0     0.00      63.78       0.17   56097   1 Google Chrome H
      0     0.00     121.56      14.92   56099   1 Google Chrome H
      0     0.00     491.44      45.51   56101   1 Google Chrome H
      0     0.00     102.33       7.45   56107   1 Google Chrome H
      0     0.00     116.45       8.04   56116   1 Google Chrome H
      0     0.00      76.59       1.03   56121   1 Google Chrome H
      0     0.00      46.30      15.25   56126   1 Google Chrome H
      0     0.00      83.39       0.88   56129   1 Google Chrome H
      0     0.00      87.98       0.75   56134   1 Google Chrome H
      0     0.00     118.80     102.47   56135   1 Google Chrome H
      0     0.00      53.03       9.55   56139   1 Google Chrome H
      0     0.00      93.19       1.06   56148   1 Google Chrome H
      0     0.00      75.30       0.71   56154   1 Google Chrome H
      0     0.00     174.44      33.31   56161   1 Google Chrome H
      0     0.00     114.55     104.60   56165   1 Google Chrome H
      0     0.00      57.30     123.27   56166   1 Google Chrome H
      0     0.00      66.16       2.25   56731   1 Google Chrome H
      0     0.00      75.84       0.81   56734   1 Google Chrome H
      0     0.00      49.80       0.53   56735   1 Google Chrome H
      0     0.00      59.89       0.60   59066   1 Google Chrome H
      0     0.00      63.12       1.74   59088   1 Google Chrome H
      0     0.00      55.58       0.63   61167   1 Google Chrome H
      0     0.00      76.56      11.39   61178   1 Google Chrome H
      0     0.00      71.67       1.05   61179   1 Google Chrome H
      0     0.00     112.89       6.13   61182   1 Google Chrome H
      0     0.00      52.78       0.83   61184   1 Google Chrome H
      0     0.00      49.77       0.65   61186   1 Google Chrome H
      0     0.00      81.16       1.05   61241   1 Google Chrome H
      0     0.00      51.06       0.60   61356   1 Google Chrome H
      0     0.00     143.50       4.20   63798   1 Google Chrome H
      0     0.00     102.44       3.22   65858   1 Google Chrome H
      0     0.00      64.58       0.77   68258   1 Google Chrome H
      0     0.00      53.98       0.43   69807   1 Google Chrome H
      0     0.00      88.31       6.69   72503   1 Google Chrome H
      0     0.00     288.42      54.81   72746   1 Google Chrome H
      0     0.00      86.55       1.77   72747   1 Google Chrome H
      0     0.00      78.97       1.80   72751   1 Google Chrome H
      0     0.00      94.25       2.99   72752   1 Google Chrome H
      0     0.00      72.66       2.16   72755   1 Google Chrome H
      0     0.00     109.78       2.76   72756   1 Google Chrome H
      0     0.00     109.02       4.72   72759   1 Google Chrome H
      0     0.00      79.41       1.67   72765   1 Google Chrome H
      0     0.00      90.94      11.33   74004   1 Google Chrome H
      0     0.00      82.09       1.57   74005   1 Google Chrome H
      0     0.00      60.28       0.65   74006   1 Google Chrome H
      0     0.00     255.44      12.20   79072   1 Google Chrome H
      0     0.00      83.58       0.43   79077   1 Google Chrome H
      0     0.00     138.39       3.23   79856   1 Google Chrome H
      0     0.00     253.27       4.20   83836   1 Google Chrome H
      0     0.00     130.84       3.73   83837   1 Google Chrome H
      0     0.00      90.84       0.33   83848   1 Google Chrome H
      0     0.00      41.77       0.13   84005   1 Google Chrome H
      0     0.00      70.41       0.25   84006   1 Google Chrome H
      0     0.00      88.64       0.36   84007   1 Google Chrome H
      0     0.00      80.39       0.28   84008   1 Google Chrome H
      0     0.00      78.83       0.28   84009   1 Google Chrome H
      0     0.00      75.81       0.71   84010   1 Google Chrome H
      0     0.00      82.89       0.28   84017   1 Google Chrome H
      0     0.00      90.83       0.72   84018   1 Google Chrome H
      0     0.00      74.36       0.24   84020   1 Google Chrome H
      0     0.00      86.50       0.80   84022   1 Google Chrome H
      0     0.00      77.03       0.30   84024   1 Google Chrome H
      0     0.00     106.98       0.29   84025   1 Google Chrome H
      0     0.00      79.64       0.38   84027   1 Google Chrome H
      0     0.00      81.38       0.29   84031   1 Google Chrome H
      0     0.00      77.56       0.26   84032   1 Google Chrome H
      0     0.00      80.16       0.27   84034   1 Google Chrome H
      0     0.00      85.89       0.41   84035   1 Google Chrome H
      0     0.00      73.58       0.29   84036   1 Google Chrome H
      0     0.00      98.97       0.37   84037   1 Google Chrome H
      0     0.00      90.95       0.84   84038   1 Google Chrome H
      0     0.00      83.64       0.26   84039   1 Google Chrome H
      0     0.00     128.83       0.15   91206   1 Google Chrome H
      0     0.00      93.81       0.05   91310   1 Google Chrome H
      0     0.00     186.06       1.32   91487   1 Google Chrome H
      0     0.00      83.34       0.04   91489   1 Google Chrome H
      0     0.00      90.17       0.12   91492   1 Google Chrome H
      0     0.00      83.72       0.06   91493   1 Google Chrome H
      0     0.00      80.06       0.04   91494   1 Google Chrome H
      0     0.00      82.84       0.04   91496   1 Google Chrome H
      0     0.00      42.80       0.01   94963   1 Google Chrome H
      0     0.00      85.53       0.03   94965   1 Google Chrome H
      0     0.00      83.59       0.03   94966   1 Google Chrome H
      0     0.00      84.78       0.04   94967   1 Google Chrome H
      0     0.00      83.28       0.02   94968   1 Google Chrome H
      0     0.00      86.28       0.02   95079   1 Google Chrome H
      0     0.00      81.03       0.02   95082   1 Google Chrome H
      0     0.00      25.27       0.11   70483   1 heard
      0     0.00      40.67       0.04   95101   1 homed
      0     0.00       5.30       0.63    1744   1 icdd
      0     0.00      16.88       0.00   95005   1 iCloudNotificat
      0     0.00       5.05       0.00   95465   1 iconservicesage
      0     0.00      39.41      20.48    1033   1 identityservice
      0     0.00      35.80     107.79    1298   1 imagent
      0     0.00       8.22       0.21    4807   1 IMAutomaticHist
      0     0.00      58.81       0.30   91509   1 IMDPersistenceA
      0     0.00       7.91       0.22    1542   1 imklaunchagent
      0     0.00       2.66       0.00   95349   1 installerauthag
      0     0.00      27.61       0.02   95527 …27 IntelligencePla
      0     0.00      13.94       0.00   91290   1 intelligentrout
      0     0.00      19.95       0.01   92165   1 itunescloudd
      0     0.00      11.34       0.00   91715   1 keyboardservice
      0     0.00      20.86       0.01   91287   1 Keychain Circle
      0     0.00      29.36       0.82   70902   1 knowledge-agent
      0     0.00       6.39      10.13    1019   1 lockoutagent
      0     0.00      33.53      81.86     590 590 loginwindow
      0     0.00      18.17       7.86     964   1 lsd
      0     0.00      25.06       7.71    1523   1 Mail
      0     0.00       5.12       0.00   95464   1 ManagedSettings
      0     0.00      18.30       0.09   84338   1 mapssyncd
      0     0.00       4.94       0.00   25537   1 mbuseragent
      0     0.00      12.39       3.36     950   1 mdbulkimport
      0     0.00      19.97       0.00   95511   1 mdworker_shared
      0     0.00      20.09       0.00   95512   1 mdworker_shared
      0     0.00      15.75       0.00   95528   1 mdworker_shared
      0     0.00       5.31      25.20    1713   1 mdwrite
      0     0.00       4.70       0.06    1302   1 mediaremoteagen
      0     0.00     257.66     276.06    1515   1 Messages
      0     0.00       6.00       0.01   91508 …08 MessagesBlastDo
      0     0.00      17.67       0.00   95395 …95 MetricsExtensio
      0     0.00      64.34      20.60   67339   1 Microsoft OneNo
      0     0.00      31.88      17.17   73365   1 Microsoft Power
      0     0.00      35.81       2.09    1677   1 Microsoft Remot
      0     0.00      36.81      53.88   29354   1 Microsoft Word
      0     0.00      15.17       0.00   95392   1 mlhostd
      0     0.00      17.59       0.01   91766   1 MobileDeviceUpd
      0     0.00       3.81       0.01    3228 …28 mscamerad-xpc
      0     0.00      47.69      25.59    1526   1 Music
      0     0.00      24.83       0.06   91536   1 naturallanguage
      0     0.00      11.39       0.00   91393   1 neagent
      0     0.00      18.61       0.20   83373   1 networkservicep
      0     0.00      26.06       3.14    1520   1 News
      0     0.00      20.62       0.01   95043   1 newsd
      0     0.00      38.16       0.62   90909 …09 NewsToday2
      0     0.00      36.88      21.08    1525   1 Notes
      0     0.00      57.89      18.93    1124   1 NotificationCen
      0     0.00      44.80       0.13   95363 …63 nsattributedstr
      0     0.00      19.44      49.50    1014   1 nsurlsessiond
      0     0.00      18.47       0.01   91838   1 OSDUIHelper
      0     0.00      16.00       1.07    2530 …30 PAH_Extension
      0     0.00      21.08       0.09   84317   1 parsecd
      0     0.00      19.39       5.53    1386   1 passd
      0     0.00       8.09       0.37   51479   1 PasswordBreachA
      0     0.00       4.61       1.03    1002   1 pboard
      0     0.00       6.55       0.00   91376   1 pbs
      0     0.00      29.53       0.07   91510   1 peopled
      0     0.00      28.86       0.09   91519   1 photoanalysisd
      0     0.00      34.44       0.46   91513   1 photolibraryd
      0     0.00      11.12       0.02   90481   1 pkd
      0     0.00       6.64       1.33    1659   1 PodcastContentS
      0     0.00      59.98      84.23    1519   1 Podcasts
      0     0.00      19.91       0.85    4875   1 PowerChime
      0     0.00      23.78       2.05    1524   1 Preview
      0     0.00      18.23       0.01   91366   1 proactived
      0     0.00       5.09       0.00   95419   1 proactiveeventt
      0     0.00      10.69       0.00   95102   1 progressd
      0     0.00      13.55       0.01   93222   1 promotedcontent
      0     0.00      10.44       0.00   95089   1 ProtectedCloudK
      0     0.00       8.22       0.00    3232   1 ptpcamerad
      0     0.00      29.52      29.30   81503 …03 pwsh
      0     0.00     153.28       1.26   83021 …76 pwsh
      0     0.00      18.81       0.00   91669 …69 QuickLookUIServ
      0     0.00      18.62       0.00   95017 …17 QuickLookUIServ
      0     0.00      16.50      12.06    1011   1 rapportd
      0     0.00      12.84       0.01   91511   1 recentsd
      0     0.00      20.45       0.03   91518   1 remindd
      0     0.00       3.46       1.89    1527   1 Remote Ripple
      0     0.00      23.16       0.06   95456   1 replayd
      0     0.00      15.78       0.01   91516   1 reversetemplate
      0     0.00      33.16       3.32   83342   1 routined
      0     0.00      57.84       0.07   95000   1 Safari
      0     0.00      22.81       0.01   95002   1 SafariBookmarks
      0     0.00      11.47       0.01   91515   1 ScopedBookmarkA
      0     0.00      22.97       0.59   79366   1 ScreenTimeAgent
      0     0.00      37.78       0.01   95463 …63 ScreenTimeWidge
      0     0.00      24.45      19.02    1176   1 searchpartyuser
      0     0.00      17.59      18.55     954   1 secd
      0     0.00       6.86       0.01   90875   1 secinitd
      0     0.00       7.42       0.05    1130   1 seserviced
      0     0.00      13.08       0.01   91676   1 SetStoreUpdateS
      0     0.00       9.33       2.43    1060   1 sharedfilelistd
      0     0.00      31.97      46.00    1050   1 sharingd
      0     0.00       2.06       0.00   50663   1 ShipIt
      0     0.00       5.80       0.00   81589   1 ShipIt
      0     0.00       8.22       0.02   90170   1 SidecarRelay
      0     0.00      16.61       0.01   83921   1 SimulatorTrampo
      0     0.00      25.30       0.22   83297   1 Siri
      0     0.00      27.84       0.12   91675   1 siriknowledged
      0     0.00      22.36       0.05   83314 …14 SiriNCService
      0     0.00      22.53       0.01   91514   1 sociallayerd
      0     0.00      23.02       0.01   95362   1 SoftwareUpdateN
      0     0.00      71.55       9.36    1561   1 Spotlight
      0     0.00       1.45       0.00   75250   1 ssh-agent
      0     0.00      18.45       1.47    1297   1 StatusKitAgent
      0     0.00      38.78       0.11   91352 …52 StocksWidget
      0     0.00       6.41       0.02    4197   1 storeaccountd
      0     0.00       5.62       0.03    1238   1 storedownloadd
      0     0.00      18.39       0.43   19231   1 storeuid
      0     0.00     124.92       1.51   91512   1 suggestd
      0     0.00       9.14       0.05   90886   1 swcd
      0     0.00      11.02       0.01   91304   1 syncdefaultsd
      0     0.00      17.36       0.67    1531   1 SystemUIServer
      0     0.00      14.91       0.01   75446   1 talagent
      0     0.00      13.53       2.05   53979   1 tccd
      0     0.00      90.59       7.11    1522   1 Terminal
      0     0.00      38.61       0.08   79585   1 TextEdit
      0     0.00      19.19       0.73    2262   1 TextInputMenuAg
      0     0.00      17.62       0.05   84275   1 tipsd
      0     0.00      19.36       0.03   91531   1 transparencyd
      0     0.00      16.28       0.12   90253   1 triald
      0     0.00      13.67      17.35   14665   1 trustd
      0     0.00      11.41       0.02   91533   1 TrustedPeersHel
      0     0.00      21.11       2.99    1296   1 UIKitSystem
      0     0.00      13.03       1.08     999   1 universalaccess
      0     0.00      11.34       0.27    3362   1 universalAccess
      0     0.00      18.08       0.91   79412   1 UniversalContro
      0     0.00      14.53       0.02   91394   1 UsageTrackingAg
      0     0.00       4.38       0.00   11560   1 USBAgent
      0     0.00      10.22       2.94    1301   1 useractivityd
      0     0.00      11.23      69.42     992   1 UserEventAgent
      0     0.00      25.98       4.39    1012   1 usernoted
      0     0.00       9.58       1.22    1059   1 usernotificatio
      0     0.00      19.30       0.49   14213   1 UserNotificatio
      0     0.00      15.56       0.01   91678   1 UserPictureSync
      0     0.00       9.98       2.60    1320   1 ViewBridgeAuxil
      0     0.00      13.25       0.01   91942   1 voicebankingd
      0     0.00       3.97       0.06    1324 …24 VTDecoderXPCSer
      0     0.00      12.83       4.72   78865 …65 VTDecoderXPCSer
      0     0.00       6.75       0.00   95319 …19 VTDecoderXPCSer
      0     0.00       6.77       0.00   95391 …91 VTDecoderXPCSer
      0     0.00      15.20       1.15    1216   1 WallpaperAgent
      0     0.00      10.84       9.55    1547 …47 WallpaperVideoE
      0     0.00       1.02       0.01   91943 …43 WardaSynthesize
      0     0.00      36.84       0.03   91392 …92 WeatherWidget
      0     0.00      19.47      15.90    1046   1 WiFiAgent
      0     0.00      29.33      28.40    1093   1 WindowManager
      0     0.00      63.91     103.00   71453   1 zoom.us
      0     0.00       0.39       0.00   54080 …76 zsh
      0     0.00       0.39       0.00   81475 …75 zsh

